   1.64404619    
 -0.116175905    
   1.37594938    
  0.580148935    
  0.794869363    
  0.565591812    
 -0.182896867    
 -0.532272279    
 -0.939877093    
  -1.54872853E-02
 -0.501944780    
  -2.51927618E-02
   1.78112721    
   1.95824182    
  0.652935445    
   1.39171946    
  0.221068442    
  -9.19137299E-02
 -0.666927457    
  0.889492035    
   7.91349187E-02
 -0.730009377    
 -0.389125317    
 -0.788238764    
   1.98735607    
  0.280510843    
  0.616542578    
  0.610477090    
 -0.310273468    
 -0.653583169    
  0.561952710    
 -0.124667488    
  -1.76115251    
  0.542542636    
  0.363002390    
  -1.39115417    
  0.804574430    
   1.42326069    
  0.264740705    
 -0.750631809    
  -1.75508690    
 -0.850107193    
  0.649296343    
 -0.104044817    
 -0.491026729    
 -0.844041467    
  0.743919015    
  -1.14004028    
  -1.54521906    
  0.981688619    
  -2.05715132    
  0.629887164    
  -6.99613336E-03
  0.396969616    
  0.857951283    
  -1.08908987    
  0.519493461    
  0.154347911    
  0.618968666    
 -0.831910610    
  -1.15581059    
  0.247757092    
  -1.68593955    
 -0.686337352    
   1.51060426    
  -1.09636843    
 -0.538338065    
 -0.622042656    
 -0.522567451    
  -1.45544887    
   2.55023932    
  0.763328671    
  -1.56462860    
