 -0.1471070     -2.8404513E-02  7.7729551E-03 -8.5180968E-02 -3.0914456E-02
 -2.5804507E-02  0.2759531      0.2178532      0.1555908      8.0077708E-02
  0.2489646      0.1017171     -3.8758875E-03  5.2195136E-03  1.4086152E-02
  0.1817921      6.1665356E-02  3.4411035E-02 -1.9078299E-02  0.1438569    
  4.4123694E-02  3.9131357E-03 -0.1031391     -4.9328554E-02  4.0528756E-02
  2.0591006E-02  0.1020035     -8.3452895E-02 -8.8860683E-02  6.7678228E-02
  6.6276401E-02  1.8357964E-02 -5.8334742E-02  0.1128726     -0.1298976    
 -6.5909870E-02 -9.3676589E-02 -3.7886728E-02  1.9121872E-03  1.2749916E-02
  7.5914942E-02  5.1141731E-03  8.2248256E-02  3.4755100E-02  4.9576731E-03
 -0.1971177     -4.1128300E-02 -0.1327205     -0.2144479     -0.1600618    
 -0.1961709     -0.3436306     -0.1565389     -0.2977808     -0.2328955    
 -0.1931007     -4.1830391E-02 -0.4390516     -0.4557624     -0.2866201    
 -0.3863616     -0.3688105     -0.4706101     -0.4538971     -0.3759110    
 -0.1354172     -0.3098432      0.3846975     -0.1500962      0.3367653    
  0.2227584     -0.2193487     -0.3674648      0.1171977      4.3356195E-02
  0.3122188     -0.3214114      0.1081304      0.2743642      2.1877961E-02
 -0.2797058      0.2155026      0.1702478      0.1700307      0.1716432    
  7.1452834E-02  0.1740631      0.2263070      0.2915591      0.2780913    
 -0.1836042     -0.1316553     -3.8734812E-02 -5.4566894E-02  3.3393662E-02
  2.5515031E-02 -0.2112718     -0.2476486     -2.5144208E-02 -0.1578313    
 -0.1552144     -0.4163398     -0.3336814     -0.3141424     -0.3191135    
 -0.3002561      2.4918396E-02 -9.8999171E-03  3.4993678E-02 -7.9464160E-02
 -2.6868412E-02 -0.3827803     -0.1135120      1.4939971E-02  0.1536886    
  0.2036314      0.2113171      1.8650921E-02 -5.1532272E-02  0.1229223    
 -0.1478765     -7.7565476E-02  0.1927672     -8.0813289E-02 -2.5082782E-02
 -0.1585877     -8.3815917E-02 -5.9982110E-02 -0.1579194     -0.3274384    
 -0.1683360     -0.1837159     -0.2872035     -0.2880933      0.1293065    
 -0.1578146     -0.2154379     -4.0015202E-02  8.9513958E-02  0.2159739    
  8.4291369E-02  4.9519237E-02  0.1825169      7.4574053E-02  9.9970542E-02
 -0.2115710     -3.0695222E-02  0.1024082      0.1416688     -0.2135545    
 -0.1254328     -4.4096328E-02 -6.6093005E-02 -0.2006344     -1.9093789E-02
 -0.1741400     -0.1466861     -0.1012602     -9.0309240E-02 -0.1611683    
